0.0 0.0
0.9800954903770226 0.0605473810535263
1.9489945766022965 0.24172869671204444
2.895571876950332 0.5421640949958659
3.8088436761402438 0.9595625776798247
4.678037814389804 1.4907350862525794
5.492662448643275 2.131612729183582
6.242573318631249 2.8772700579532455
6.918039157741017 3.721953273617263
7.509804897762132 4.659113220554214
8.009152327381837 5.681442999606333
8.407957876788263 6.780920009183275
8.698747214837896 7.948852200171016
8.874746360891898 9.175928308781355
8.929929030550525 10.452271810896189
8.859059953036468 11.76749832210374
8.657733917809612 13.110776149584824
8.32241032904534 14.470889685373065
7.85044306877733 15.836305315365282
7.240105492690385 17.195239504870482
6.4906104066406565 18.53572870952569
5.602124896866554 19.845700750133197
4.575779912417412 21.113047281438764
3.413674524448098 22.325696978117556
2.118874813583585 23.47168905629963
0.6954073634233209 24.539246745876948
-0.8517526346963319 25.516850327607525
-2.516698633459276 26.39330934967991
-4.292615278593245 27.157833640923652
-6.171806169076844 27.800102742241815
-8.145726715945772 28.31033338408368
-10.20502196106778 28.679344645845006
-12.339569191788954 28.898620442946854
-14.538525162587776 28.960368998959467
-16.79037771092839 28.857578973457
-19.08300153149446 28.584071931252307
-21.403717851022893 28.134550855205177
-23.73935772514866 27.504644422847285
-26.07632865911964 26.69094678654453
-28.40068423604173 25.691052617734112
-30.69819641955695 24.503587197837142
-32.95443018262843 23.1282313616578
-35.15482010047985 21.565741123332987
-37.28474853378591 19.81796184008086
-39.32962501799474 17.887836794999238
-41.27496646623985 15.779410106865708
-43.10647778671354 13.497823902168282
-44.81013251066356 11.049309712324062
-46.37225302437218 8.44117408709378
-47.77958999760024 5.681778443444431
-49.01940060204253 2.7805131974179105
-50.07952511634785 -0.2522337452007829
-50.94846151920175 -3.405114035588741
-51.61543767883822 -6.665861334437237
-52.07048075611584 -10.021339011589074
-52.304483448931094 -13.457592907358631
-52.3092667182067 -16.95990894421012
-52.07763864993748 -20.512875352393543
-51.60344912374137 -24.100449249025626
-50.88163997598502 -27.706027287072686
-49.90829036475618 -31.312520068856287
-48.68065706466173 -34.902429998166745
-47.19720944154735 -38.45793222593814
-45.45765888067303 -41.96095832680342
-43.46298246653223 -45.393282327804
-41.21544073826683 -48.73660869615256
-38.71858937139081 -51.972661880319215
-35.97728466417606 -55.08327698789633
-32.99768273545013 -58.05049117475553
-29.787232369583013 -60.856635312994456
-26.354661473967706 -63.48442550012299
-22.70995714419402 -65.91705396889304
-18.86433936224345 -68.13827895615945
-14.830228383256278 -70.13251309018646
-10.621205896604497 -71.88490985889383
-6.251970077004554 -73.38144772666631
-1.7382846710891526 -74.60901147451668
2.903077705917209 -75.55547034757981
7.65439786013762 -76.20975260508887
12.497077664406572 -76.56191608110824
17.4117128008157 -76.60321437932444
22.378170316132824 -76.3261583420662
27.375670680829913 -75.72457245237612
32.382874018730625 -74.79364584831421
37.3779701519091 -73.52997765065525
42.33877208454829 -71.9316163286604
47.24281253010364 -69.99809285356058
52.06744306841154 -67.73044741568172
56.78993550342513 -65.13124950865935
61.38758497813358 -62.204611212817596
65.83781439100369 -58.95619353940066
70.11827964803638 -55.393205727820686
74.20697527632286 -51.5243974192877
78.08233991885858 -47.36004366198509
81.72336122637253 -42.91192273520467
85.10967966008793 -38.19328681242048
88.22169071966817 -33.21882551601255
91.04064511313372 -28.004622449110222
93.54874639026548 -22.568104822657908
95.72924556793005 -16.927986328171553
97.56653228485824 -11.10420343860308
99.046222034653 -5.1178453511183175
100.15523903916224 1.0089221837228608
100.88189433978098 7.252938872058339
101.21595870169003 13.59013742290937
101.14872994543418 19.995636299549542
100.67309434151672 26.443837318664276
99.78358172675854 32.908527714805096
98.47641402595076 39.36298626403287
96.74954688871951 45.78009303865277
94.60270417941813 52.132442344669485
92.03740508714887 58.3924583751414
89.05698365357829 64.53251309608076
85.66660054791937 70.52504586701788
81.8732469511767 76.34268428590141
77.68574044535562 81.95836573771264
73.11471283767702 87.34545911808881
68.1725898847723 92.47788619743332
62.873562917209 97.33024208747688
57.23355240036542 101.87791427107862
51.27016350347435 106.09719965724061
45.00263378444377 109.96541912686266
38.45177313366776 113.46102904069515
31.639896155322077 116.56372918923516
24.590747199423504 119.25456667495212
17.329418292077705 121.51603523017691
9.882260244686822 123.3321694892202
2.2767872552858237 124.68863375073491
-5.458424653521157 125.57280478596103
-13.29384498549167 125.97384827020521
-21.1991015073282 125.88278843864202
-29.14309794053126 125.2925705931867
-37.094136152615235 124.19811611468465
-45.020042368020405 122.59636966388403
-52.88829689717682 120.48633828549174
-60.66616686228726 117.86912216193872
-68.32084138059736 114.7479367971661
-75.81956865030538 111.1281264456586
-83.12979437091131 107.01716863794965
-90.21930091879473 102.42466969075976
-97.05634669020063 97.36235112765095
-103.60980501766419 91.84402697443305
-109.84930206225741 85.8855719323757
-115.74535308293055 79.50488047140809
-121.26949648567029 72.72181692475209
-126.39442505921994 65.55815670567353
-131.09411381070012 58.03751880607979
-135.34394382363436 50.185289775365916
-139.12082157258078 42.02853941606319
-142.40329314279606 33.59592847028417
-145.17165282003987 24.91760860754301
-147.4080455347351 16.025115060083383
-149.0965626661547 6.951252286215063
-150.22333073604392 -2.2700269248125005
-150.77659254701464 -11.60374846133556
-150.7467803490822 -21.014049536237028
-150.12658064773711 -30.464316469256175
-148.91099029885717 -39.91732707534469
-147.0973635694324 -49.33539710558435
-144.6854498783784 -58.68053016514971
-141.67742196850705 -67.91457051302697
-138.07789429886594 -76.99935813078748
-133.89393148599626 -85.89688543275231
-129.1350466630368 -94.56945497745316
-123.81318966685338 -102.97983753046725
-117.9427250053337 -111.0914298215371
-111.54039959948194 -118.8684113344332
-104.62530033780372 -126.27589946631366
-97.21880152350818 -133.2801023944092
-89.34450233809274 -139.84846899172877
-81.02815448773647 -145.94983514014405
-72.29758024142464 -151.55456579866348
-63.18258111168503 -156.63469219692735
-53.71483747004843 -161.16404353891255
-43.92779942967995 -165.11837261948966
-33.85656936688291 -168.47547477676414
-23.537776491185078 -171.2152996259993
-13.009443910309102 -173.320055046277
-2.3108486713331913 -174.77430291882058
8.517624707369766 -175.56504614597566
19.43463666745412 -175.68180651212043
30.398050429869723 -175.1166929821264
41.36509459958675 -173.86446006929313
52.29252992841025 -171.92255594279501
63.13681958606055 -169.29115998445758
73.8543022697696 -165.97320954597313
84.40136746534922 -161.97441570030847
94.73463215811412 -157.30326782488186
104.8111182802732 -151.97102689891898
114.58843017250189 -145.9917074430597
124.0249313314363 -139.382048075593
133.07991971183057 -132.1614707064599
141.71380085212485 -124.35202843719355
149.88825809520506 -115.97834228206261
157.56641918220396 -107.06752687266601
164.7130185062932 -97.64910535488183
171.29455432552942 -87.75491373322049
177.27944024891852 -77.41899496306779
182.63815032790217 -66.6774831358374
187.34335710640488 -55.568478145495604
191.37006200633118 -44.13191126708249
194.6957174518997 -32.40940211855596
197.30034016535092 -20.444107516343085
199.16661509826412 -8.280562772231042
200.27998949685636 4.035483985502655
200.62875663608503 16.45724385069193
200.2041287960039 28.937064890746655
199.00029909448398 41.4266149357025
197.0144918329513 53.877068703735944
194.24700105605444 66.23929853887053
190.70121707198064 78.4640680162471
186.38364072731503 90.50222765289163
181.30388527869894 102.30491194745248
175.47466575289732 113.82373696101693
168.91177573703752 125.01099764287915
161.63405159153137 135.81986410010126
153.66332412933582 146.20457600791542
145.02435785653503 156.12063435949253
135.74477792053435 165.52498975836176
125.85498496322636 174.37622646481518
115.38805812711936 182.63474141895256
104.3796465123907 190.26291747759848
92.8678494319387 197.22529012010855
80.89308585954726 203.48870689903285
68.49795351304512 209.02247893564675
55.7270780596368 213.79852378742504
42.62695297421021 217.79149904452538
29.24577062319798 220.97892604516284
15.633245186302187 223.34130313528146
1.8404280659116892 224.86220793603496
-12.080483530821676 225.52838812313826
-26.07634411968382 225.32984026499304
-40.093262829403976 224.25987631146845
-54.076810879413095 222.31517737215682
-67.9722328466802 219.4958344716542
-81.72466090190326 215.80537601973927
-95.27933117746122 211.2507817860564
-108.5818014149374 205.84248322184345
-121.57816902877983 199.5943500251746
-134.21528871483878 192.52366290090376
-146.44098872817193 184.65107252177256
-158.2042849536647 176.00054475277466
-169.45559189572256 166.5992922566109
-180.14692971952726 156.47769265371923
-190.2321264861611 145.6691934656717
-199.66701473722003 134.21020412549126
-208.4096216013643 122.13997539241535
-216.42035161553096 109.5004665616054
-223.66216147719928 96.33620091104608
-230.100725971084 82.69410987817936
-235.70459434384253 68.62336650746738
-240.4453364337198 54.17520875686016
-244.2976778984009 39.40275329586748
-247.23962392357384 24.360800470397866
-249.25257083667418 9.105631149550689
-250.32140509484293 -6.305203793049165
-250.4345891631167 -21.8131005761664
-249.58423384810024 -37.35862536723766
-247.76615670367642 -52.881742050552006
-244.97992617847376 -68.32204403449651
-241.22889122965714 -83.61898920301476
-236.52019618389772 -98.71213709786093
-230.86478068391835 -113.54138740321329
-224.27736461755265 -128.04721879283753
-216.7764179856042 -142.1709271922794
-208.38411572465975 -155.85486250467463
-199.12627756123152 -169.04266284857087
-189.03229303385177 -181.67948535988387
-178.1350318798736 -193.71223261755028
-166.47074004339254 -205.08977376380133
-154.07892161977665 -215.7631594050346
-141.0022071103977 -225.68582939816383
-127.28620841820488 -234.81381264983966
-112.97936107038069 -243.10591808216557
-98.13275420840024 -250.52391594823104
-82.79994893798053 -257.0327087140083
-67.03678568161921 -262.60049075965196
-50.90118122427243 -267.19889619300346
-34.452916188213656 -270.80313411088326
-17.753413715831954 -273.3921106894972
-0.8655101791117866 -274.9485375337346
16.146781228625446 -275.45902576619574
33.218513129369924 -274.9141653901977
50.284051905813655 -273.30858951662697
67.27733000889575 -270.641023102078
84.1321016577162 -266.91431590505425
100.78220094243378 -262.1354594278681
117.16180132511782 -256.31558767402083
133.20567552166582 -249.4699616140535
148.8494547401441 -241.6179373168502
164.02988624706973 -232.7829177679475
178.68508823349808 -222.99228846124234
192.75480095713496 -212.27733691539171
206.18063314518454 -200.67315633088057
218.9063026552527 -188.21853366790714
230.87787040822246 -174.955822488731
242.04396662773186 -160.93080097055122
252.35600844545667 -146.1925155562451
261.76840795995594 -130.79311076996484
270.2387698690911 -114.78764578260882
277.7280778320532 -98.23389836811184
284.20086875654096 -81.19215694531358
289.6253942496317 -63.72500145141742
293.97376851710123 -45.89707384175437
297.22210204531365 -27.77483905627593
299.3506204520578 -9.426337335957022
300.34376794772675 9.079071188337235
300.19029490575963 27.670968675901275
298.8833291011272 46.27814753419809
296.42043023757776 64.82888313514455
292.803627448158 83.25121024527947
288.0394395189335 101.47320210457434
282.1388776525959 119.42325107204009
275.117430656526 137.03034974373298
266.9950325085714 154.22437144061394
257.79601232310404 170.93634895975194
247.54902680946844 187.09875048289064
236.286975384565 202.64575154117802
224.0468981706277 217.51350194414957
210.8698571781086 231.64038659459766
196.80080104155795 244.96727912896122
181.88841374336096 257.43778734504986
166.18494782573984 268.99848940543217
149.74604265541643 279.5991598353951
132.63052836742034 289.19298436904563
114.90021617444324 297.7367627357313
96.61967578575539 305.1910985213108
77.85600073457817 311.52057528487506
58.67856246495047 316.69391816101154
39.15875407806291 320.68414023056397
19.369724683815495 323.4686729987655
-0.6138946544893286 325.0294803785041
-20.71627235578041 325.35315563801987
-40.86066407600262 324.4310008363644
-60.96970569009431 322.25908833618956
-80.96571038270717 318.8383040516545
-100.77096870684805 314.1743721591711
-120.30805045178043 308.27786107007944
-139.5001071480073 301.1641705369057
-158.2711740283373 292.8534998382768
-176.54647025967878 283.3707970616295
-194.2526962606413 272.7456895771887
-211.31832692498952 261.01239587109626
-227.67389958077015 248.20961897965347
-243.25229552923741 234.38042184022083
-257.9890140267613 219.57208494696692
-271.822437596414 203.83594677124165
-284.69408758406456 187.2272274763996
-296.54886890625016 169.80483652533266
-307.3353029739526 151.63116484529192
-317.00574781734827 132.77186227874637
-325.516604481689 113.29560111053179
-332.8285088133578 93.27382652038771
-338.90650780782187 72.78049486566063
-343.7202197473564 51.89180075145655
-347.2439774159123 30.685893894501188
-349.45695374110846 9.242586832189286
-350.34326927878755 -12.35694543026396
-349.89208102368934 -34.03047270445486
-348.097652100263 -55.695022671986294
-344.95940196022946 -77.26719851446136
-340.48193678791876 -98.6634999043449
-334.6750598903742 -119.80064612140997
-327.5537619264402 -140.59590004472716
-319.1381909072231 -160.96739176039105
-309.45360197916915 -180.83444052015045
-298.53028708016745 -200.1178737861799
-286.4034846383375 -218.74034210211022
-273.11326956208484 -236.6266285404326
-258.7044238484122 -253.70395149120046
-243.2262882139054 -269.9022595768146
-226.73259522912943 -285.15451750227385
-209.2812845118778 -299.39698167978815
-190.93430060772144 -312.5694645007386
-171.75737425708618 -324.61558616676126
-151.81978781659552 -335.4830130348695
-131.19412566812238 -345.1236814790756
-109.95601051188552 -353.49400632256527
-88.18382649947213 -360.5550729501169
-65.95843021890431 -366.27281226977203
-43.36285059625629 -370.6181577556938
-20.481978826959942 -373.5671838703296
2.5977505057204846 -375.1012252332922
25.78868592737554 -375.20697597644374
49.002291951106365 -373.8765687993027
72.14948707392254 -371.10763331577414
95.14098560058042 -366.90333336205936
117.88764198329041 -361.2723830161202
140.3007963495309 -354.2290411609581
162.29261987918005 -345.79308450688416
183.7764586862164 -335.98975907162196
204.6671748596681 -324.84971020111215
224.88148332301407 -312.40889129803566
244.33828318119208 -298.7084515089057
262.9589822394137 -283.79460270388745
280.66781339839855 -267.7184661658278
297.3921416560684 -250.53589948613347
313.062760476389 -232.30730424463792
327.614176321552 -213.0974151283129
340.9848801841915 -192.97507121908535
353.1176050014383 -172.01297025404492
363.9595678824235 -150.28740673141493
373.4626961349461 -127.8779948028034
381.5838361354272 -104.86737695587823
388.28494414860506 -81.34091955176388
393.53325826960014 -57.38639633756804
397.30145073062715 -33.09366110660595
399.56775988761206 -8.554310726537256
400.3161012779104 16.138660201095263
399.5361572190182 40.891211748073744
397.2234444992725 65.6086167979758
393.37935979476185 90.19582355203146
388.01120253170876 114.55782101511065
381.13217500008375 138.60000605669686
372.7613596118878 162.228550629034
362.9236732859814 185.35076771761962
351.64979903030587 207.87547459755316
338.9760948813632 229.71335197331592
324.94448044968743 250.777297589021
309.6023014082636 270.98277291134536
293.00217234820485 290.24814150792525
275.2017985120697 308.4949977700802
256.26377699963007 325.64848466022767
236.25537812346278 341.63759920103735
215.24830767191432 356.3954844653443
193.31845091469268 369.85970687270975
170.54559926099085 381.9725176503628
147.01316055162857 392.68109737266883
122.80785403461154 401.9377825542683
98.01939113779325 409.70027333718326
72.74014321238165 415.93182138145835
47.06479747695311 420.6013971418647
21.09000244283212 423.683835789717
-5.085995851693776 425.15996111854844
-31.363725429397142 425.0166868550364
-57.64286637895014 423.2470948818032
-83.82263384016996 419.8504899662505
-109.80216450753704 414.8324306790766
-135.48090516990533 408.2047362772177
-160.75900178986598 399.98546941833456
-185.5376876177231 390.19889466723095
-209.71966883216896 378.8754128484431
-233.20950620291563 366.0514713932299
-255.91399127939667 351.76945092307244
-277.74251562454543 336.0775284050483
-298.6074316331961 319.02951730687886
-318.42440350113753 300.68468527051243
-337.1127469428504 281.1075499126404
-354.59575629371113 260.3676534479729
-370.80101767550866 238.53931691631428
-385.66070695263534 215.70137487689206
-399.11187125988147 191.93689151288305
-411.0966929413361 167.33285916521262
-421.5627348032453 141.97988038712975
-430.4631656514913 115.97183467967467
-437.7569651565347 89.4055311323794
-443.4091071647728 62.380348253451714
-447.3907206551985 34.99786232867482
-449.67922762354533 7.361465698448483
-450.2584572625993 -20.424023612794752
-449.1187358966127 -48.25275944094802
-446.25695221951594 -76.01827069266079
-441.67659748049033 -103.61386868580225
-435.38778035610414 -130.93305706163648
-427.40721634526386 -157.86994269386417
-417.7581916212974 -184.31964600941507
-406.47050137422696 -210.1787091315152
-393.58036277527 -235.34550025754956
-379.1303027945232 -259.7206126922116
-363.16902120113446 -283.207256970758
-345.7512291728268 -305.7116445274664
-326.9374640378259 -327.14336139092404
-306.7938807669016 -347.4157304201432
-285.3920209257544 -366.44616063392243
-262.8085598882386 -384.1564822299128
-239.12503319829267 -400.4732659396634
-214.42754305287428 -415.328125421043
-188.80644595903402 -428.6580014499489
-162.35602269549443 -440.4054267386512
-135.1741317820839 -450.5187702784778
-107.36184772915654 -458.95246017935597
-79.02308540307375 -465.66718405790783
-50.26421190297181 -470.6300661089008
-21.19364739796103 -473.81482008167444
8.078543577646897 -475.20187747335063
37.44106883050291 -474.77849034381154
66.78183163821443 -472.5388082533133
95.98835869438783 -468.4839289217745
124.94823123504916 -462.62192230889474
153.54951769390533 -454.96782791593535
181.6812062215899 -445.5436252128238
209.2336353979095 -434.3781771978709
236.09892146664762 -421.50714720134994
262.1713804292877 -406.9728891481743
287.34794334750416 -390.8243115983918
311.5285632240039 -373.11671598694596
334.6166118576199 -353.9116095855458
356.5192651010127 -333.2764938093581
377.1478749881789 -311.28462858894596
396.41832724372495 -288.01477362331093
132.84377936361292 -415.0064798378853
107.3105693616196 -421.5471599049609
81.4804365797658 -426.5219105526619
55.44912287697302 -429.9187900592222
29.312726188455766 -431.73169289916683
3.16734580912072 -431.9603490358511
-22.891270931601305 -430.6103017172673
-48.76807930450035 -427.6928639408971
-74.3690838408424 -423.2250538316437
-99.60167975378013 -417.22950925395946
-124.37498788078072 -409.7343820548546
-148.60018193573922 -400.7732124083086
-172.19080689258948 -390.3847838033976
-195.06308735962202 -378.6129592879688
-217.13622484519956 -365.5064996466692
-238.33268286096018 -351.1188642563444
-258.5784588577268 -335.5079954230219
-277.8033420420137 -318.73608706268226
-295.9411561770107 -300.86933864258395
-312.92998653103274 -281.97769535085973
-328.7123901983949 -262.1345755092711
-343.2355890822895 -241.41658628722502
-356.45164489623113 -219.9032288142843
-368.31761560976173 -197.67659382330572
-378.79569283508636 -174.82104898690935
-387.85331972388286 -151.42291913611575
-395.46328901741487 -127.57016057160942
-401.60382096799526 -103.35203069513175
-406.2586209255211 -78.85875420093052
-409.4169164589381 -54.18118707496505
-411.07347395881425 -29.41047965267852
-411.2285947434232 -4.6377399846056635
-409.8880907665701 20.04630124708907
-407.0632401005642 44.55162302881215
-402.77072244196495 68.78924231544438
-397.03253496074507 92.67153713266406
-389.87588888503876 116.11256330852595
-381.33308728343434 139.02836368951097
-371.4413845745613 161.33726872877702
-360.2428283592763 182.9601873708576
-347.7840842338321 203.82088719741867
-334.11624430279204 223.84626284273185
-319.29462016792075 242.9665917350722
-303.3785212236296 261.11577627112183
-286.43101914061117 278.231571584413
-268.5186994668394 294.25579812575864
-249.71140131905076 309.13453833312644
-230.0819461779335 322.8183167304273
-209.70585683644453 335.26226285887384
-188.66106758282564 346.42625651071074
-167.02762672787932 356.27505480296577
-144.88739260982413 364.77840069815386
-122.32372422949214 371.9111126493308
-99.42116768371281 377.65315511826196
-76.26513957540206 381.9896897874823
-52.94160858512701 384.9111073594034
-29.53677639073451 386.41303990809826
-6.136759119031981 386.496353821698
17.172729493485107 385.1671234451971
40.306692065205446 382.4365856046159
63.1811575092499 378.32107526365326
85.71348581841359 372.84194263291755
107.82266658898307 366.0254521193016
129.42961020518777 357.90266356881506
150.45743063791747 348.5092963199797
170.83171884696725 337.88557664648147
190.48080581531502 326.07606922696095
209.33601428662675 313.1294933363747
227.3318983231523 299.0985245070952
244.40646985023236 284.0395824586344
260.50141140559043 268.0126061424079
275.5622743662249 251.08081679212648
289.53866198283333 233.31046991108087
302.38439661106594 214.770597164606
314.05767059029233 195.53273917928232
324.52118028373195 175.67067027981983
333.74224285850613 155.26011621999675
341.69289545016414 134.37846598540534
348.3499764232747 113.10447876303185
353.69518850748875 91.51798718581597
357.71514365683294 69.69959796926236
360.4013895486 47.730391061933744
361.7504177068442 25.691618432142647
361.7636533038654 3.664403609549305
360.447426760956 -18.27055690746122
357.81292733682386 -40.03328927965448
353.8761389582434 -61.544833907066796
348.65775861238603 -82.72753189828806
342.18309768370483 -103.50530538962724
334.481966679963 -123.80393070245293
325.5885438517779 -143.55130335822452
315.5412282676884 -162.6776940054704
304.3824779620407 -181.11599435108582
292.1586338257174 -198.80195222965108
278.91972995973873 -215.67439498885182
264.71929125885197 -231.67544041632732
249.6141190362406 -246.75069448319795
233.66406554127818 -260.84943523193095
216.93179825967496 -273.92478219087855
199.48255491930905 -285.9338507545648
181.38389015537044 -296.83789102737006
162.7054148150866 -306.6024106884493
143.51852890516147 -315.19728149728263
123.89614920406622 -322.5968291219632
103.91243257642908 -328.7799060359314
83.64249603793297 -333.7299472931322
63.16213462632596 -337.4350090562525
42.5475381373682 -339.88778981754797
21.875007783787446 -341.08563431655125
1.22067383061305 -341.0305202234189
-19.33978474835878 -339.72902772058677
-39.73141756069723 -337.19229217852444
-59.88027601607831 -333.4359401834766
-79.71368148165205 -328.48000923592105
-99.16048739968812 -322.34885149784606
-118.15133442231279 -315.0710220246241
-136.6188976487267 -306.6791519730404
-154.49812508411748 -297.2098073307201
-171.7264664765012 -286.70333376357195
-188.24409172765445 -275.2036882267986
-203.99409811710507 -262.7582580312804
-218.92270562357342 -249.41766810060716
-232.97943967614802 -235.23557719453518
-246.1173007176472 -220.26846391205748
-258.2929200148536 -204.5754033214606
-269.4667012044175 -188.2178350955961
-279.6029471189825 -171.25932405800884
-288.66997149529226 -153.76531406946214
-296.6401952244506 -135.80287620469505
-303.4902268639198 -117.44045218589389
-309.20092719101416 -98.74759405230074
-313.75745763835897 -79.79470105459453
-317.14931251279336 -60.65275476814156
-319.37033496028783 -41.39305342092387
-320.4187167003746 -22.08694642992258
-320.2969816141377 -2.8055701339891255
-319.01195332974396 16.380414298184498
-316.57470700860176 35.40107981943005
-313.0005055932832 54.187488365836714
-308.30872083513833 72.67194069996815
-302.522739474842 90.78822033014167
-295.6698550027596 108.47183062709318
-287.78114547779404 125.66022428926311
-278.89133793310106 142.29302434088396
-269.0386599445537 158.31223588289728
-258.2646789829344 173.66244785532194
-246.61413021337273 188.29102411088144
-234.13473344538477 202.14828314330776
-220.87699997386667 215.1876658595954
-206.89403008542433 227.365890833399
-192.24130203537175 238.64309652656223
-176.97645332850036 248.98297001723498
-161.1590551612199 258.3528618259789
-144.8503809038169 266.72388648547803
-128.1131695193381 274.07100855472737
-111.01138482985465 280.37311383470393
-93.60997155168003 285.6130655992464
-75.97460902835832 289.77774571203014
-58.171463593980974 292.8580805578645
-40.266940499594966 294.84905177386287
-22.327436332162133 295.74969182310787
-4.419092848746206 295.56306451006884
13.39244686161705 294.2962305929786
31.04227898951315 291.96019870346834
48.46647550826763 288.56986183776354
65.60231570680016 284.14391973647867
82.38851191371191 278.70478752130936
98.76542860042915 272.27849100653197
114.67529408047177 264.89454915099316
130.06240405395846 256.58584416204354
144.87331628116348 247.3884798064707
159.05703570616075 237.34162852476666
172.56518939117217 226.48736798388
185.35219066402325 214.87050773981738
197.37539192492233 202.538406714949
208.59522560445157 189.5407822255264
218.97533281200418 175.92951132263983
228.48267926272902 161.75842523452766
237.08765812116863 147.08309771973694
244.7641794509968 131.96062815904511
251.48974601237634 116.44942022924056
257.24551520127073 100.6089570137851
262.0163469783452 84.49957341400851
265.790837688683 68.18222672980878
268.5613397272137 51.718266280839956
270.3239670583014 35.16920293787815
271.0785866511651 18.596479429483427
270.82879594550946 2.0612422812596574
269.58188651372006 -14.37588376600207
267.3487941370484 -30.65501802716362
264.14403556317177 -46.717242017662095
259.9856322611927 -62.50481267780391
254.8950215373492 -77.96136990486117
248.89695542028457 -93.03213764726506
242.01938776850028 -107.66411784378893
234.29335009442838 -121.80627652174051
225.75281663927422 -135.40972140173912
216.43455927024345 -148.42787039249535
206.37799280685934 -160.81661039698488
195.62501141566761 -172.53444589136237
184.21981674261707 -183.54263677973077
172.20873847968153 -193.80532507130096
159.64004808677728 -203.28964997136598
146.56376641163993 -211.9658510237017
133.03146596899842 -219.80735898930385
119.09606865605981 -226.79087419459404
104.81163969395817 -232.8964321311902
90.23317859438946 -238.10745613884282
75.41640795713455 -242.41079705300314
60.41756090755508 -245.79675974851347
45.293167983437385 -248.25911656090915
30.09984427777288 -249.7951076165986
14.894077638228435 -250.4054281525629
-0.26798128478597305 -250.09420295498907
-15.330726361348612 -248.8689480942591
-30.239299911155626 -246.74052018075966
-44.939792490675515 -243.72305341189718
-59.37943781072551 -239.83388472532258
-73.50680207978706 -235.09346741652917
-87.27196709384502 -229.52527362052706
-100.62670642143836 -223.1556860970719
-113.52465406282919 -216.01387979679097
-125.92146499460112 -208.13169372136846
-137.7749670454548 -199.54349362460712
-149.0453035853298 -190.28602613254938
-159.69506654810155 -180.39826488981763
-169.68941934782683 -169.9212493658176
-178.99620928965797 -158.89791697836944
-187.58606911900358 -147.37292921357002
-195.43250739602803 -135.39249243924917
-202.51198742706745 -123.00417412513302
-208.80399452975777 -110.25671519577898
-214.29109145447615 -97.199839252439
-218.95896183089513 -83.88405940722723
-222.79644155487307 -70.3604834773019
-225.79553807735996 -56.680618288220884
-227.95143760332303 -42.89617383420581
-229.2625002546999 -29.058868038773095
-229.73024329690293 -15.220232852096474
-229.35931257325115 -1.4314224115968068
-228.15744233572906 12.256976020334278
-226.1354037034964 25.79512764281481
-223.30694202244797 39.13413154632123
-219.6887034396854 52.22619732539356
-215.3001510458678 65.02481623641367
-210.16347097591913 77.48492628770445
-204.30346889434267 89.56307067642209
-197.74745732530644 101.21754901601274
-190.52513431959696 112.40856082925295
-182.66845398038058 123.09834081496061
-174.2114893973572 133.25128543120687
-165.1902885642543 142.8340703741414
-155.64272387759485 151.81575856920935
-145.60833583521847 160.16789833043575
-135.12817157106505 167.86461138342978
-124.24461887820564 174.88267048864225
-113.00123638495376 181.20156644305578
-101.44258055912032 186.80356428070093
-89.61403022301963 191.67374853503873
-77.5616092667104 195.80005746913764
-65.33180824914791 199.17330622255014
-52.97140557644345 201.7871988666849
-40.52728894329192 203.63832940311363
-28.046277717868552 204.72617178148215
-15.574946942146711 205.0530590553536
-3.1594536087020413 204.6241518352359
9.154634138300528 203.44739623808863
21.322504246022152 201.53347157161022
33.3002638259731 198.89572802943212
45.04509746372079 195.55011470985468
56.51542019439214 191.51509830581512
67.67102459766895 186.81157284725188
78.47322149251814 181.4627609088068
88.88497374026531 175.4941067257711
98.87102269472017 168.93316168922397
108.39800686972119 161.80946271734925
117.43457242759918 154.15440402384098
125.95147512649243 146.00110282605814
133.9216734000556 137.38425955508018
141.32041227973576 128.34001314699472
148.12529790729928 118.90579200956041
154.31636242352263 109.12016127078866
159.8761190577636 99.02266692594863
164.78960728234554 88.65367750699323
169.04442793516347 78.05422390341786
172.63076825349825 67.26583796609698
175.54141680155467 56.33039052569826
177.77176831355803 45.2899294548695
179.31981851320734 34.186518398553204
180.1861490087364 23.06207678954305
180.37390240063286 11.95822175679742
179.88874777606202 0.9161125221306256
178.73883680010388 -10.023702133251334
176.93475064889395 -20.821432767206765
174.48943806354083 -31.43819399335736
171.41814483614388 -41.8361444896949
167.73833507023738 -51.9786217950905
163.46960458743212 -61.83027141384496
158.63358687980323 -71.35716977427012
153.25385203358834 -80.52694061473584
147.35579907392096 -89.30886439953834
140.96654220254848 -97.67398039721903
134.11479142069783 -105.59518108545947
126.830728047386 -113.04729857926708
119.14587565947552 -120.00718281271176
111.0929669935891 -126.4537712388355
102.70580736159293 -132.36814984739573
94.01913514069557 -137.7336053356773
85.06847990627048 -142.53566830356917
75.8900187802893 -146.7621473803077
66.52043157072426 -150.403154226601
56.996755277483736 -153.4511193921067
47.35623853836044 -155.90079904431536
37.636196584149786 -157.74927262063883
27.8738672655537 -158.9959314907817
18.106268705769544 -159.64245875115026
8.370059121822152 -159.69280030698974
-1.2986006552124036 -159.15312743100898
-10.864181445854769 -158.0317910193303
-20.29191627534733 -156.33926779656247
-29.54792673455292 -154.08809875153037
-38.599344689377695 -151.29282011358856
-47.414428901591755 -147.9698872063991
-55.96267614761346 -144.13759154146595
-64.21492644698021 -139.8159715374993
-72.14346203873959 -135.0267172737527
-79.7220997717436 -129.79306970575152
-86.92627660370046 -124.13971479024907
-93.7331279336989 -118.09267298275006
-100.12155852366458 -111.67918458546097
-106.07230579567786 -104.92759143604415
-111.56799532417459 -97.8672154380058
-116.59318837461699 -90.5282344419277
-121.13442137313007 -82.94155599303078
-125.1802372247196 -75.13868946472694
-128.72120843088177 -67.15161709987323
-131.74995199055095 -59.012664481394026
-134.2611361012779 -50.75437095179892
-136.25147871015258 -42.40936049691771
-137.71973799615955 -34.01021360293394
-138.66669489724754 -25.5893405875599
-139.09512782629002 -17.1788568960104
-139.009779750187 -8.810460840351077
-138.4173178354991 -0.5153142468845185
-137.32628589209511 7.676073539439339
-135.74704987323608 15.73395786196739
-133.69173671620493 23.62946675798562
-131.1741668319293 31.334704370898375
-128.20978057494656 38.82284939868618
-124.81555904644156 46.06824823162453
-121.0099396028741 53.04650245670245
-116.81272646083364 59.734550431750954
-112.24499680515481 66.11074265886553
-107.32900282194082 72.15491071416729
-102.08807009092948 77.84842951917777
-96.5464927825568 83.17427276796158
-90.72942611409566 88.11706135359665
-84.66277652634955 92.66310466734218
-78.37309004754603 96.80043467396197
-71.8874393142972 100.51883269690475
-65.23330972077274 103.80984887731451
-58.43848516657623 106.66681430102405
-51.5309338712416 109.08484581764526
-44.538694718797906 111.06084360549498
-37.489764589525656 112.59348156526067
-30.41198712786819 113.68319065390739
-23.33294338553949 114.33213529823156
-16.279844767213888 114.54418305458289
-9.279428692868574 114.32486770748311
-2.3578573759381736 113.68134602507978
4.459379899995396 112.62234841347936
11.147560641135646 111.15812373492197
17.682818794427437 109.30037857639864
24.042229864451663 107.06221127559417
30.203891192868277 104.45804102988996
36.146997119791706 101.50353243151218
41.85190877023606 98.21551578770186
47.30021823339548 94.61190359895933
52.474806927915964 90.71160358093144
57.359897972365005 86.53442862631942
61.94110240669302 82.10100411226485
66.20545913749858 77.43267296598593
70.1414685072401 72.55139890697482
73.7391194150626 67.47966828781522
76.98990994451569 62.240390957636016
79.88686148101117 56.856800572385005
82.42452632929137 51.352354774499396
84.59898886833737 45.750635661186564
86.40786030793231 40.075250955431066
87.85026713739283 34.34973628705464
88.92683338269167 28.59745898270471
89.63965681320771 22.841523753588866
89.99227926355866 17.104680658155875
89.98965125929945 11.409235703811486
89.63809115761448 5.776964437211669
88.9452390354055 0.2290288567700669
87.92000557730007 -5.214102036172148
86.57251623499705 -10.53272774946195
84.91405094695841 -15.707987596991446
82.95697972368148 -20.721927522291665
80.7146944185871 -25.55756221232975
78.20153701788011 -30.1989322872842
75.43272479453616 -34.63115637511717
72.42427268180155 -38.84047790344071
69.19291323022726 -42.81430646538113
65.75601451927068 -46.54125364077393
62.131496399866634 -50.011163178968275
58.337745448085144 -53.21513547466934
54.393529012047935 -56.145546293497496
50.31790873467471 -58.796059729182915
46.13015393358005 -61.161635399435845
41.849655216561096 -63.238529912430664
37.49583870662565 -65.02429266041057
33.08808124444088 -66.51775602105555
28.645626928470584 -67.71902007086044
24.187505343956975 -68.62943193774133
19.73245182133646 -69.25155994233764
15.298830052719772 -69.58916269890636
10.90455738176668 -69.6471533672345
6.567033067717054 -69.43155926653591
2.303069808569869 -68.9494770807776
-1.8711712084926553 -68.20902390222011
-5.940241479278015 -67.2192843760925
-9.889462346096522 -65.9902542241898
-13.70497794112994 -64.53278043872587
-17.373803718729004 -62.85849844994228
-20.883870406955474 -60.97976658172593
-24.224063230521853 -58.909598118779435
-27.384256279611908 -56.66159131669342
-30.35534192178852 -54.249857692559324
-33.12925517721203 -51.68894893851843
-35.69899300059852 -48.993782803856206
-38.05862843664251 -46.179568292913444
-40.20331963890862 -43.26173052620248
-42.12931376536255 -40.25583561069057
-43.83394578665917 -37.177515862265494
-45.31563226593864 -34.04239571894435
-46.57386019110083 -30.866018677459962
-47.60917096223945 -27.663775578489137
-48.42313965802709 -24.45083455701668
-49.01834972526177 -21.242072964203746
-49.39836325542875 -18.052011555699103
-49.56768703091401 -14.89475122865713
-49.531734541352435 -11.78391257586668
-49.296784187427875 -8.732578510419254
-48.86993390519618 -5.753240198323441
-48.259052458611215 -2.8577465194836815
-47.472727661338894 -0.057257259582408855
-46.520211801092195 2.6377997832790303
-45.41136455056276 5.217767612727317
-44.15659365852015 7.673794624630725
-42.76679372276313 9.997864850126001
-41.25328335330746 12.182823748317691
-39.627741039459465 14.222399467168339
-37.90214003823647 16.111219512709376
-36.08868260394337 17.8448227884666
-34.19973387959618 19.419666988815106
-32.24775577029859 20.83313135175747
-30.24524111663782 22.08351479825908
-28.20464848268379 23.17002950668038
-26.138337868274753 24.09278999192086
-24.058507648978704 24.852797779543188
-21.977133039467848 25.451921785284746
-19.90590636707259 25.892874529901327
-17.856179432036175 26.179184338137656
-15.83890821952357 26.315163688699695
-13.864600215802824 26.305873899335985
-11.943264567275765 26.157086347444995
-10.084365306252717 25.875240441942466
-8.29677785161354 25.46739857638097
-6.588748975847938 24.94119830645317
-4.967860412500809 24.304802006974395
-3.4409962598431787 23.56684427417858
-2.014314317732471 22.73637734863066
-0.6932214752021558 21.822814842217262
0.517646753577939 20.835874059494714
1.614442467613998 19.785517209120197
2.594117334892564 18.681891805148688
3.454430229670871 17.53527056062881
4.19395053612497 16.355991077168103
4.8120571241141175 15.154395633958348
5.308933023620502 13.940771378160019
5.685555845043373 12.725291215551165
5.943684012873487 11.51795569596671
6.085838900254793 10.328536182312181
6.115282971466067 9.166519584859453
6.0359940583373355 8.041054934156426
5.852635914969216 6.960902056247247
5.570525212765302 5.934382603051085
5.195595154639013 4.9693336787367075
4.734355903241487 4.073064289813079
4.193852033104453 3.252314832494891
3.5816172306339906 2.5132198157611483
2.9056264788649844 1.8612740024756218
2.174245975733864 1.3013021340536084
1.3961810452956223 0.8374323865180684
0.5804223107528473 0.4730736874707343
-0.2638095936629562 0.2108970045943364
-1.1271204880504617 0.05282069688719702
