3
64.94983578726726 72.88589580911142
-33.72925761064384 -91.97011391621763
-88.03561106221956 -61.632887607780184
-6.831566225096282 -94.8859515423418
68.44560167122759 -64.99096197048407
20.290092455393193 -93.99538167563968
-16.65872042772878 -76.5960198329646
-38.243567189325375 20.96177880628352
-56.988705151154726 -75.17685748812191
-33.56189757264214 82.83123508098265
-63.92505783875861 -16.669747223744167
9.289976054305924 53.700852842679666
-67.02543555682146 17.45545734023213
7.4141051698342295 -64.53001727889527
21.723730487489945 75.93698104646191
-82.00150820355864 -38.13323687032384
8.632447840286645 35.54169773730183
48.813897174147144 65.31716744435775
-45.33972332710148 -36.75967887970164
44.58680483600753 -16.366316102039292
-79.58725161151257 -23.997755098063763
37.538201438429184 -55.61123791986198
-8.887327134408253 39.87121458635875
-30.633488106803668 -84.79962573334048
71.41964488467735 99.73571301576109
19.147534080103995 -42.89011876913964
-64.29683690416019 73.93909768745212
44.73815042285483 20.79506401366504
60.253447605082584 -55.628090757200766
46.27933343518578 -74.06600838996577
-17.506355311653607 19.10455659204753
-60.75411777227799 44.58551518776156
-74.31648522702395 41.15669897774464
-74.60751188655328 -16.442965858553848
25.246444483833557 -81.04523413694878
-21.657323277471562 41.29849831421197
98.66880567337822 26.686747121424133
29.391063783672394 62.4127431168404
53.44373327375902 -42.64554046839524
-61.22290057110635 -88.21328535904817
-91.73701332428494 -35.59454937598284
90.70521627755528 4.5116446504040795
-1.108481901920456 72.76589005314639
-35.281837339188485 -83.61667631593775
55.720199960414334 75.39007330262706
60.06595111037035 39.47427481074695
3.5732594156766595 20.95381901666387
62.450571214494175 44.77558350904917
38.25575954977069 24.923280453841286
79.74179858441349 50.562806695173464
75.72664735112855 76.19335276536688
-4.696451739735096 -67.77260046713761
-21.300303361553404 36.34792583966009
-72.50496973818257 84.87894845620062
-15.754374844040925 -66.72124659705253
-68.06208834622281 61.87335032773967
83.91800372022453 -87.39754359863932
-41.33363405021575 -43.5272455008358
-72.8296278823453 -78.1764885873554
-8.51257740076889 -4.436309585831921
-28.416560510085006 19.057513650212712
29.97698495400607 51.15160310123022
-79.47059090999507 -68.47302095025532
-38.59090327945622 56.04833486963406
62.707894786115844 15.179161212061771
65.21574549901055 -85.14990227827033
7.0997375613913505 81.41524355002403
77.1212667235628 60.451159839266865
52.983253028242046 14.136004372995387
-61.96358363712513 38.21634910100008
-99.2599210717666 -36.70197172905802
68.52028551368966 62.11378434038954
0.38663199912387824 29.39332140667321
-88.29177376868729 -25.347859497229976
82.06636642536404 -8.689062508202426
-3.0728928090153005 28.467884759124672
49.25133360930238 -12.907723795659322
-2.117064896233927 -96.83241451618008
33.374910340504215 -37.69157648061001
2.3367754811561667 25.917525285489845
-63.40229384690736 43.71371755062748
12.573070102854246 45.5147150712026
-89.541263981115 -19.421863604085644
-57.671580658414115 55.230557548529816
27.32845097852166 -92.87943880420669
-25.595009294787417 -91.04012080025828
47.626428148268616 -96.11904880967418
-82.62811721369849 79.01848317307295
13.384491233401619 -19.923262003984775
72.68167553732022 12.70095992001346
76.53193285812 42.81044687984644
-96.29349181301 48.62827675962171
-77.45029945208898 72.39082230861138
-40.32280038027074 57.322786285733315
50.359480813567444 48.20454865293033
-64.03591331228628 -37.34287633800106
-42.01004480854067 -87.22896168862393
-98.82213172653474 46.964367888422345
30.91867926110629 47.36800835336987
82.11370333743093 15.901284448858434
