98.668806 26.686747
90.705216 4.511645
83.918004 -87.397544
82.113703 15.901284
82.066366 -8.689063
79.741799 50.562807
77.121267 60.451160
76.531933 42.810447
75.726647 76.193353
72.681676 12.700960
71.419645 99.735713
68.520286 62.113784
68.445602 -64.990962
65.215745 -85.149902
64.949836 72.885896
62.707895 15.179161
62.450571 44.775584
60.253448 -55.628091
60.065951 39.474275
55.720200 75.390073
53.443733 -42.645540
52.983253 14.136004
50.359481 48.204549
49.251334 -12.907724
48.813897 65.317167
47.626428 -96.119049
46.279333 -74.066008
44.738150 20.795064
44.586805 -16.366316
38.255760 24.923280
37.538201 -55.611238
33.374910 -37.691576
30.918679 47.368008
29.976985 51.151603
29.391064 62.412743
27.328451 -92.879439
25.246444 -81.045234
21.723730 75.936981
20.290092 -93.995382
19.147534 -42.890119
13.384491 -19.923262
12.573070 45.514715
9.289976 53.700853
8.632448 35.541698
7.414105 -64.530017
7.099738 81.415244
3.573259 20.953819
2.336775 25.917525
0.386632 29.393321
-1.108482 72.765890
-2.117065 -96.832415
-3.072893 28.467885
-4.696452 -67.772600
-6.831566 -94.885952
-8.512577 -4.436310
-8.887327 39.871215
-15.754375 -66.721247
-16.658720 -76.596020
-17.506355 19.104557
-21.300303 36.347926
-21.657323 41.298498
-25.595009 -91.040121
-28.416561 19.057514
-30.633488 -84.799626
-33.561898 82.831235
-33.729258 -91.970114
-35.281837 -83.616676
-38.243567 20.961779
-38.590903 56.048335
-40.322800 57.322786
-41.333634 -43.527246
-42.010045 -87.228962
-45.339723 -36.759679
-56.988705 -75.176857
-57.671581 55.230558
-60.754118 44.585515
-61.222901 -88.213285
-61.963584 38.216349
-63.402294 43.713718
-63.925058 -16.669747
-64.035913 -37.342876
-64.296837 73.939098
-67.025436 17.455457
-68.062088 61.873350
-72.504970 84.878948
-72.829628 -78.176489
-74.316485 41.156699
-74.607512 -16.442966
-77.450299 72.390822
-79.470591 -68.473021
-79.587252 -23.997755
-82.001508 -38.133237
-82.628117 79.018483
-88.035611 -61.632888
-88.291774 -25.347859
-89.541264 -19.421864
-91.737013 -35.594549
-96.293492 48.628277
-98.822132 46.964368
-99.259921 -36.701972
